RGB色彩空间: CIE RGB
RGB空间的参考白: E - CIE1931
XYZ空间的参考白: A - CIE1931
适应算法: Bradford
Linear RGB -> XYZ: 
                    0.57888815  0.42428605  0.09529184  
                    0.21947203  0.79635349  -0.01582547  
                    -0.00497377  0.02600366  0.33479286  
XYZ -> Linear RGB: 
                    2.1472501  -1.12233583  -0.66422237  
                    -0.59022911  1.56229254  0.24184515  
                    0.07774374  -0.13801836  2.95826937  

RGB色彩空间: CIE RGB
RGB空间的参考白: E - CIE1931
XYZ空间的参考白: A - CIE1931
适应算法: XYZScaling
Linear RGB -> XYZ: 
                    0.53683252  0.34127272  0.22036082  
                    0.17620195  0.81298685  0.0108112  
                    0.0  0.00363101  0.35219179  
XYZ -> Linear RGB: 
                    2.15819848  -0.90005324  -1.32272176  
                    -0.46781928  1.4252998  0.24895482  
                    0.0048231  -0.01469449  2.83679539  

RGB色彩空间: CIE RGB
RGB空间的参考白: E - CIE1931
XYZ空间的参考白: A - CIE1931
适应算法: VonKries
Linear RGB -> XYZ: 
                    0.54738521  0.47716515  0.07391574  
                    0.18332605  0.80602044  0.01065349  
                    0.0  0.00363101  0.35219178  
XYZ -> Linear RGB: 
                    2.27782902  -1.34650764  -0.43732539  
                    -0.5181535  1.5471318  0.06194734  
                    0.00534204  -0.01595055  2.83872345  

RGB色彩空间: CIE RGB
RGB空间的参考白: E - CIE1931
XYZ空间的参考白: A - CIE1964
适应算法: Bradford
Linear RGB -> XYZ: 
                    0.58462871  0.43192878  0.09486289  
                    0.22235868  0.793032  -0.01539063  
                    -0.00502176  0.02560431  0.33141522  
XYZ -> Linear RGB: 
                    2.13988318  -1.1440067  -0.66563777  
                    -0.59847643  1.57904786  0.24463496  
                    0.07866132  -0.13932784  2.988377  

RGB色彩空间: CIE RGB
RGB空间的参考白: E - CIE1931
XYZ空间的参考白: A - CIE1964
适应算法: XYZScaling
Linear RGB -> XYZ: 
                    0.54316345  0.34529739  0.22295956  
                    0.17620195  0.81298685  0.0108112  
                    0.0  0.00359198  0.34840585  
XYZ -> Linear RGB: 
                    2.13304325  -0.90005324  -1.33709505  
                    -0.46236653  1.4252998  0.25166008  
                    0.00476689  -0.01469449  2.86762129  

RGB色彩空间: CIE RGB
RGB空间的参考白: E - CIE1931
XYZ空间的参考白: A - CIE1964
适应算法: VonKries
Linear RGB -> XYZ: 
                    0.55090937  0.48723632  0.07327474  
                    0.18375397  0.80560219  0.01064382  
                    0.0  0.00359198  0.34840585  
XYZ -> Linear RGB: 
                    2.27308728  -1.37284152  -0.43612244  
                    -0.51855087  1.55465774  0.0615638  
                    0.00534613  -0.01602814  2.8695812  

RGB色彩空间: CIE RGB
RGB空间的参考白: E - CIE1931
XYZ空间的参考白: A - CIE1931
适应算法: Bradford
Linear RGB -> XYZ: 
                    0.57888815  0.42428605  0.09529184  
                    0.21947203  0.79635349  -0.01582547  
                    -0.00497377  0.02600366  0.33479286  
XYZ -> Linear RGB: 
                    2.1472501  -1.12233583  -0.66422237  
                    -0.59022911  1.56229254  0.24184515  
                    0.07774374  -0.13801836  2.95826937  

RGB色彩空间: CIE RGB
RGB空间的参考白: E - CIE1931
XYZ空间的参考白: A - CIE1931
适应算法: XYZScaling
Linear RGB -> XYZ: 
                    0.53683252  0.34127272  0.22036082  
                    0.17620195  0.81298685  0.0108112  
                    0.0  0.00363101  0.35219179  
XYZ -> Linear RGB: 
                    2.15819848  -0.90005324  -1.32272176  
                    -0.46781928  1.4252998  0.24895482  
                    0.0048231  -0.01469449  2.83679539  

RGB色彩空间: CIE RGB
RGB空间的参考白: E - CIE1931
XYZ空间的参考白: A - CIE1931
适应算法: VonKries
Linear RGB -> XYZ: 
                    0.54738521  0.47716515  0.07391574  
                    0.18332605  0.80602044  0.01065349  
                    0.0  0.00363101  0.35219178  
XYZ -> Linear RGB: 
                    2.27782902  -1.34650764  -0.43732539  
                    -0.5181535  1.5471318  0.06194734  
                    0.00534204  -0.01595055  2.83872345  

RGB色彩空间: CIE RGB
RGB空间的参考白: E - CIE1931
XYZ空间的参考白: A - CIE1964
适应算法: Bradford
Linear RGB -> XYZ: 
                    0.58462871  0.43192878  0.09486289  
                    0.22235868  0.793032  -0.01539063  
                    -0.00502176  0.02560431  0.33141522  
XYZ -> Linear RGB: 
                    2.13988318  -1.1440067  -0.66563777  
                    -0.59847643  1.57904786  0.24463496  
                    0.07866132  -0.13932784  2.988377  

RGB色彩空间: CIE RGB
RGB空间的参考白: E - CIE1931
XYZ空间的参考白: A - CIE1964
适应算法: XYZScaling
Linear RGB -> XYZ: 
                    0.54316345  0.34529739  0.22295956  
                    0.17620195  0.81298685  0.0108112  
                    0.0  0.00359198  0.34840585  
XYZ -> Linear RGB: 
                    2.13304325  -0.90005324  -1.33709505  
                    -0.46236653  1.4252998  0.25166008  
                    0.00476689  -0.01469449  2.86762129  

RGB色彩空间: CIE RGB
RGB空间的参考白: E - CIE1931
XYZ空间的参考白: A - CIE1964
适应算法: VonKries
Linear RGB -> XYZ: 
                    0.55090937  0.48723632  0.07327474  
                    0.18375397  0.80560219  0.01064382  
                    0.0  0.00359198  0.34840585  
XYZ -> Linear RGB: 
                    2.27308728  -1.37284152  -0.43612244  
                    -0.51855087  1.55465774  0.0615638  
                    0.00534613  -0.01602814  2.8695812  

RGB色彩空间: CIE RGB
RGB空间的参考白: E - CIE1931
XYZ空间的参考白: B - CIE1931
适应算法: Bradford
Linear RGB -> XYZ: 
                    0.49600808  0.31882698  0.17609238  
                    0.17936656  0.81740751  0.00322597  
                    -0.00108713  0.01506423  0.83915558  
XYZ -> Linear RGB: 
                    2.34212861  -0.90454559  -0.48800602  
                    -0.51398979  1.42197295  0.10239156  
                    0.01226121  -0.02669862  1.18920383  

RGB色彩空间: CIE RGB
RGB空间的参考白: E - CIE1931
XYZ空间的参考白: B - CIE1931
适应算法: XYZScaling
Linear RGB -> XYZ: 
                    0.48427721  0.3078625  0.19878774  
                    0.17620195  0.81298685  0.0108112  
                    0.0  0.00870584  0.8444269  
XYZ -> Linear RGB: 
                    2.39241309  -0.90005324  -0.551678  
                    -0.51858852  1.4252998  0.10383355  
                    0.00534652  -0.01469449  1.18316464  

RGB色彩空间: CIE RGB
RGB空间的参考白: E - CIE1931
XYZ空间的参考白: B - CIE1931
适应算法: VonKries
Linear RGB -> XYZ: 
                    0.49399659  0.32549595  0.17143493  
                    0.17684364  0.81235886  0.01079748  
                    0.0  0.00870584  0.84442688  
XYZ -> Linear RGB: 
                    2.36119716  -0.94107618  -0.46733523  
                    -0.51408305  1.43604415  0.08600643  
                    0.00530007  -0.01480527  1.18334845  

RGB色彩空间: CIE RGB
RGB空间的参考白: E - CIE1931
XYZ空间的参考白: B - CIE1964
适应算法: Bradford
Linear RGB -> XYZ: 
                    0.49709524  0.32017589  0.17450658  
                    0.17988156  0.81732096  0.00279751  
                    -0.00116063  0.01532549  0.82932814  
XYZ -> Linear RGB: 
                    2.33876133  -0.90701197  -0.48906078  
                    -0.51477428  1.42322529  0.10351754  
                    0.01278577  -0.02756969  1.20319796  

RGB色彩空间: CIE RGB
RGB空间的参考白: E - CIE1931
XYZ空间的参考白: B - CIE1964
适应算法: XYZScaling
Linear RGB -> XYZ: 
                    0.48469274  0.30812666  0.19895831  
                    0.17620195  0.81298685  0.0108112  
                    0.0  0.00860747  0.83488559  
XYZ -> Linear RGB: 
                    2.39036204  -0.90005324  -0.55798273  
                    -0.51814393  1.4252998  0.10502019  
                    0.00534194  -0.01469449  1.19668618  

RGB色彩空间: CIE RGB
RGB空间的参考白: E - CIE1931
XYZ空间的参考白: B - CIE1964
适应算法: VonKries
Linear RGB -> XYZ: 
                    0.49471458  0.3275296  0.16953356  
                    0.17693081  0.8122736  0.01079556  
                    0.0  0.00860747  0.83488557  
XYZ -> Linear RGB: 
                    2.35992366  -0.94663352  -0.46697036  
                    -0.51411302  1.43750656  0.08580903  
                    0.00530038  -0.01482034  1.19688427  

RGB色彩空间: CIE RGB
RGB空间的参考白: E - CIE1931
XYZ空间的参考白: B - CIE1931
适应算法: Bradford
Linear RGB -> XYZ: 
                    0.49600808  0.31882698  0.17609238  
                    0.17936656  0.81740751  0.00322597  
                    -0.00108713  0.01506423  0.83915558  
XYZ -> Linear RGB: 
                    2.34212861  -0.90454559  -0.48800602  
                    -0.51398979  1.42197295  0.10239156  
                    0.01226121  -0.02669862  1.18920383  

RGB色彩空间: CIE RGB
RGB空间的参考白: E - CIE1931
XYZ空间的参考白: B - CIE1931
适应算法: XYZScaling
Linear RGB -> XYZ: 
                    0.48427721  0.3078625  0.19878774  
                    0.17620195  0.81298685  0.0108112  
                    0.0  0.00870584  0.8444269  
XYZ -> Linear RGB: 
                    2.39241309  -0.90005324  -0.551678  
                    -0.51858852  1.4252998  0.10383355  
                    0.00534652  -0.01469449  1.18316464  

RGB色彩空间: CIE RGB
RGB空间的参考白: E - CIE1931
XYZ空间的参考白: B - CIE1931
适应算法: VonKries
Linear RGB -> XYZ: 
                    0.49399659  0.32549595  0.17143493  
                    0.17684364  0.81235886  0.01079748  
                    0.0  0.00870584  0.84442688  
XYZ -> Linear RGB: 
                    2.36119716  -0.94107618  -0.46733523  
                    -0.51408305  1.43604415  0.08600643  
                    0.00530007  -0.01480527  1.18334845  

RGB色彩空间: CIE RGB
RGB空间的参考白: E - CIE1931
XYZ空间的参考白: B - CIE1964
适应算法: Bradford
Linear RGB -> XYZ: 
                    0.49709524  0.32017589  0.17450658  
                    0.17988156  0.81732096  0.00279751  
                    -0.00116063  0.01532549  0.82932814  
XYZ -> Linear RGB: 
                    2.33876133  -0.90701197  -0.48906078  
                    -0.51477428  1.42322529  0.10351754  
                    0.01278577  -0.02756969  1.20319796  

RGB色彩空间: CIE RGB
RGB空间的参考白: E - CIE1931
XYZ空间的参考白: B - CIE1964
适应算法: XYZScaling
Linear RGB -> XYZ: 
                    0.48469274  0.30812666  0.19895831  
                    0.17620195  0.81298685  0.0108112  
                    0.0  0.00860747  0.83488559  
XYZ -> Linear RGB: 
                    2.39036204  -0.90005324  -0.55798273  
                    -0.51814393  1.4252998  0.10502019  
                    0.00534194  -0.01469449  1.19668618  

RGB色彩空间: CIE RGB
RGB空间的参考白: E - CIE1931
XYZ空间的参考白: B - CIE1964
适应算法: VonKries
Linear RGB -> XYZ: 
                    0.49471458  0.3275296  0.16953356  
                    0.17693081  0.8122736  0.01079556  
                    0.0  0.00860747  0.83488557  
XYZ -> Linear RGB: 
                    2.35992366  -0.94663352  -0.46697036  
                    -0.51411302  1.43750656  0.08580903  
                    0.00530038  -0.01482034  1.19688427  

RGB色彩空间: CIE RGB
RGB空间的参考白: E - CIE1931
XYZ空间的参考白: C - CIE1931
适应算法: Bradford
Linear RGB -> XYZ: 
                    0.46680487  0.28336792  0.23053319  
                    0.16578203  0.81546217  0.01875582  
                    0.00139408  0.00539479  1.17546057  
XYZ -> Linear RGB: 
                    2.44415115  -0.8462451  -0.46584799  
                    -0.49687742  1.39846314  0.0751343  
                    -6.1831E-4  -0.00541463  0.85093803  

RGB色彩空间: CIE RGB
RGB空间的参考白: E - CIE1931
XYZ空间的参考白: C - CIE1931
适应算法: XYZScaling
Linear RGB -> XYZ: 
                    0.47928186  0.30468688  0.19673723  
                    0.17620195  0.81298685  0.0108112  
                    0.0  0.01206432  1.17018517  
XYZ -> Linear RGB: 
                    2.41734819  -0.90005324  -0.39810088  
                    -0.52399355  1.4252998  0.07492818  
                    0.00540225  -0.01469449  0.85379312  

RGB色彩空间: CIE RGB
RGB空间的参考白: E - CIE1931
XYZ空间的参考白: C - CIE1931
适应算法: VonKries
Linear RGB -> XYZ: 
                    0.47431174  0.26987362  0.23652063  
                    0.17445362  0.81469662  0.01084973  
                    0.0  0.01206432  1.17018515  
XYZ -> Linear RGB: 
                    2.39786804  -0.78724059  -0.47736371  
                    -0.51353373  1.39621684  0.09085122  
                    0.00529441  -0.01439466  0.85362897  

RGB色彩空间: CIE RGB
RGB空间的参考白: E - CIE1931
XYZ空间的参考白: C - CIE1964
适应算法: Bradford
Linear RGB -> XYZ: 
                    0.46507591  0.28082354  0.22695747  
                    0.16483461  0.81779838  0.01736703  
                    0.00124994  0.00634462  1.15385344  
XYZ -> Linear RGB: 
                    2.44810666  -0.83701656  -0.46893269  
                    -0.49343919  1.39164673  0.076111  
                    6.127E-5  -0.00674544  0.86675067  

RGB色彩空间: CIE RGB
RGB空间的参考白: E - CIE1931
XYZ空间的参考白: C - CIE1964
适应算法: XYZScaling
Linear RGB -> XYZ: 
                    0.47544594  0.30224832  0.19516265  
                    0.17620195  0.81298685  0.0108112  
                    0.0  0.01185205  1.14959599  
XYZ -> Linear RGB: 
                    2.43685146  -0.90005324  -0.40523083  
                    -0.52822115  1.4252998  0.07627014  
                    0.00544583  -0.01469449  0.86908448  

RGB色彩空间: CIE RGB
RGB空间的参考白: E - CIE1931
XYZ空间的参考白: C - CIE1964
适应算法: VonKries
Linear RGB -> XYZ: 
                    0.47337488  0.26715148  0.23233057  
                    0.17433984  0.8148077  0.01085242  
                    0.0  0.01185205  1.14959597  
XYZ -> Linear RGB: 
                    2.39970033  -0.77984391  -0.47761176  
                    -0.51352096  1.39433374  0.09061855  
                    0.00529428  -0.01437524  0.86893657  

RGB色彩空间: CIE RGB
RGB空间的参考白: E - CIE1931
XYZ空间的参考白: C - CIE1931
适应算法: Bradford
Linear RGB -> XYZ: 
                    0.46680487  0.28336792  0.23053319  
                    0.16578203  0.81546217  0.01875582  
                    0.00139408  0.00539479  1.17546057  
XYZ -> Linear RGB: 
                    2.44415115  -0.8462451  -0.46584799  
                    -0.49687742  1.39846314  0.0751343  
                    -6.1831E-4  -0.00541463  0.85093803  

RGB色彩空间: CIE RGB
RGB空间的参考白: E - CIE1931
XYZ空间的参考白: C - CIE1931
适应算法: XYZScaling
Linear RGB -> XYZ: 
                    0.47928186  0.30468688  0.19673723  
                    0.17620195  0.81298685  0.0108112  
                    0.0  0.01206432  1.17018517  
XYZ -> Linear RGB: 
                    2.41734819  -0.90005324  -0.39810088  
                    -0.52399355  1.4252998  0.07492818  
                    0.00540225  -0.01469449  0.85379312  

RGB色彩空间: CIE RGB
RGB空间的参考白: E - CIE1931
XYZ空间的参考白: C - CIE1931
适应算法: VonKries
Linear RGB -> XYZ: 
                    0.47431174  0.26987362  0.23652063  
                    0.17445362  0.81469662  0.01084973  
                    0.0  0.01206432  1.17018515  
XYZ -> Linear RGB: 
                    2.39786804  -0.78724059  -0.47736371  
                    -0.51353373  1.39621684  0.09085122  
                    0.00529441  -0.01439466  0.85362897  

RGB色彩空间: CIE RGB
RGB空间的参考白: E - CIE1931
XYZ空间的参考白: C - CIE1964
适应算法: Bradford
Linear RGB -> XYZ: 
                    0.46507591  0.28082354  0.22695747  
                    0.16483461  0.81779838  0.01736703  
                    0.00124994  0.00634462  1.15385344  
XYZ -> Linear RGB: 
                    2.44810666  -0.83701656  -0.46893269  
                    -0.49343919  1.39164673  0.076111  
                    6.127E-5  -0.00674544  0.86675067  

RGB色彩空间: CIE RGB
RGB空间的参考白: E - CIE1931
XYZ空间的参考白: C - CIE1964
适应算法: XYZScaling
Linear RGB -> XYZ: 
                    0.47544594  0.30224832  0.19516265  
                    0.17620195  0.81298685  0.0108112  
                    0.0  0.01185205  1.14959599  
XYZ -> Linear RGB: 
                    2.43685146  -0.90005324  -0.40523083  
                    -0.52822115  1.4252998  0.07627014  
                    0.00544583  -0.01469449  0.86908448  

RGB色彩空间: CIE RGB
RGB空间的参考白: E - CIE1931
XYZ空间的参考白: C - CIE1964
适应算法: VonKries
Linear RGB -> XYZ: 
                    0.47337488  0.26715148  0.23233057  
                    0.17433984  0.8148077  0.01085242  
                    0.0  0.01185205  1.14959597  
XYZ -> Linear RGB: 
                    2.39970033  -0.77984391  -0.47761176  
                    -0.51352096  1.39433374  0.09061855  
                    0.00529428  -0.01437524  0.86893657  

RGB色彩空间: CIE RGB
RGB空间的参考白: E - CIE1931
XYZ空间的参考白: D50 - CIE1931
适应算法: Bradford
Linear RGB -> XYZ: 
                    0.48688064  0.30629925  0.17103209  
                    0.17465591  0.82475908  5.8505E-4  
                    -0.00125665  0.01698492  0.80945996  
XYZ -> Linear RGB: 
                    2.36383654  -0.86760943  -0.49883172  
                    -0.5005902  1.39622718  0.10476136  
                    0.01417364  -0.03064399  1.23241893  

RGB色彩空间: CIE RGB
RGB空间的参考白: E - CIE1931
XYZ空间的参考白: D50 - CIE1931
适应算法: XYZScaling
Linear RGB -> XYZ: 
                    0.47122107  0.29956251  0.19342841  
                    0.17620195  0.81298685  0.0108112  
                    0.0  0.00842067  0.81676761  
XYZ -> Linear RGB: 
                    2.45869976  -0.90005324  -0.57036021  
                    -0.53295707  1.4252998  0.10734981  
                    0.00549466  -0.01469449  1.22323171  

RGB色彩空间: CIE RGB
RGB空间的参考白: E - CIE1931
XYZ空间的参考白: D50 - CIE1931
适应算法: VonKries
Linear RGB -> XYZ: 
                    0.48858627  0.30996512  0.16566063  
                    0.17618667  0.81300079  0.01081252  
                    0.0  0.00842067  0.81676759  
XYZ -> Linear RGB: 
                    2.37093681  -0.89908715  -0.46898224  
                    -0.51387987  1.42504907  0.08536246  
                    0.00529798  -0.01469191  1.22345842  

RGB色彩空间: CIE RGB
RGB空间的参考白: E - CIE1931
XYZ空间的参考白: D50 - CIE1964
适应算法: Bradford
Linear RGB -> XYZ: 
                    0.48896597  0.30897042  0.16926987  
                    0.1756707  0.8241317  1.9764E-4  
                    -0.00134285  0.01719953  0.79842341  
XYZ -> Linear RGB: 
                    2.35755763  -0.87343164  -0.49959815  
                    -0.50253704  1.39958527  0.106194  
                    0.0147907  -0.03161868  1.2493404  

RGB色彩空间: CIE RGB
RGB空间的参考白: E - CIE1931
XYZ空间的参考白: D50 - CIE1964
适应算法: XYZScaling
Linear RGB -> XYZ: 
                    0.47268441  0.30049278  0.19402909  
                    0.17620195  0.81298685  0.0108112  
                    0.0  0.00830936  0.80597079  
XYZ -> Linear RGB: 
                    2.45108811  -0.90005324  -0.57800078  
                    -0.53130714  1.4252998  0.10878787  
                    0.00547765  -0.01469449  1.23961818  

RGB色彩空间: CIE RGB
RGB空间的参考白: E - CIE1931
XYZ空间的参考白: D50 - CIE1964
适应算法: VonKries
Linear RGB -> XYZ: 
                    0.48992047  0.3137585  0.16352733  
                    0.17634867  0.8128424  0.01080891  
                    0.0  0.00830936  0.80597077  
XYZ -> Linear RGB: 
                    2.36851163  -0.9094615  -0.46836202  
                    -0.51392636  1.427757  0.08512531  
                    0.00529846  -0.01471983  1.23986216  

RGB色彩空间: CIE RGB
RGB空间的参考白: E - CIE1931
XYZ空间的参考白: D50 - CIE1931
适应算法: Bradford
Linear RGB -> XYZ: 
                    0.48688064  0.30629925  0.17103209  
                    0.17465591  0.82475908  5.8505E-4  
                    -0.00125665  0.01698492  0.80945996  
XYZ -> Linear RGB: 
                    2.36383654  -0.86760943  -0.49883172  
                    -0.5005902  1.39622718  0.10476136  
                    0.01417364  -0.03064399  1.23241893  

RGB色彩空间: CIE RGB
RGB空间的参考白: E - CIE1931
XYZ空间的参考白: D50 - CIE1931
适应算法: XYZScaling
Linear RGB -> XYZ: 
                    0.47122107  0.29956251  0.19342841  
                    0.17620195  0.81298685  0.0108112  
                    0.0  0.00842067  0.81676761  
XYZ -> Linear RGB: 
                    2.45869976  -0.90005324  -0.57036021  
                    -0.53295707  1.4252998  0.10734981  
                    0.00549466  -0.01469449  1.22323171  

RGB色彩空间: CIE RGB
RGB空间的参考白: E - CIE1931
XYZ空间的参考白: D50 - CIE1931
适应算法: VonKries
Linear RGB -> XYZ: 
                    0.48858627  0.30996512  0.16566063  
                    0.17618667  0.81300079  0.01081252  
                    0.0  0.00842067  0.81676759  
XYZ -> Linear RGB: 
                    2.37093681  -0.89908715  -0.46898224  
                    -0.51387987  1.42504907  0.08536246  
                    0.00529798  -0.01469191  1.22345842  

RGB色彩空间: CIE RGB
RGB空间的参考白: E - CIE1931
XYZ空间的参考白: D50 - CIE1964
适应算法: Bradford
Linear RGB -> XYZ: 
                    0.48896597  0.30897042  0.16926987  
                    0.1756707  0.8241317  1.9764E-4  
                    -0.00134285  0.01719953  0.79842341  
XYZ -> Linear RGB: 
                    2.35755763  -0.87343164  -0.49959815  
                    -0.50253704  1.39958527  0.106194  
                    0.0147907  -0.03161868  1.2493404  

RGB色彩空间: CIE RGB
RGB空间的参考白: E - CIE1931
XYZ空间的参考白: D50 - CIE1964
适应算法: XYZScaling
Linear RGB -> XYZ: 
                    0.47268441  0.30049278  0.19402909  
                    0.17620195  0.81298685  0.0108112  
                    0.0  0.00830936  0.80597079  
XYZ -> Linear RGB: 
                    2.45108811  -0.90005324  -0.57800078  
                    -0.53130714  1.4252998  0.10878787  
                    0.00547765  -0.01469449  1.23961818  

RGB色彩空间: CIE RGB
RGB空间的参考白: E - CIE1931
XYZ空间的参考白: D50 - CIE1964
适应算法: VonKries
Linear RGB -> XYZ: 
                    0.48992047  0.3137585  0.16352733  
                    0.17634867  0.8128424  0.01080891  
                    0.0  0.00830936  0.80597077  
XYZ -> Linear RGB: 
                    2.36851163  -0.9094615  -0.46836202  
                    -0.51392636  1.427757  0.08512531  
                    0.00529846  -0.01471983  1.23986216  

RGB色彩空间: CIE RGB
RGB空间的参考白: E - CIE1931
XYZ空间的参考白: D55 - CIE1931
适应算法: Bradford
Linear RGB -> XYZ: 
                    0.47647467  0.29343235  0.18689003  
                    0.16974077  0.82534261  0.00491664  
                    -5.241E-4  0.01433224  0.90767239  
XYZ -> Linear RGB: 
                    2.39902916  -0.84442355  -0.48938683  
                    -0.49344136  1.38541624  0.09409526  
                    0.00917671  -0.02236344  1.09995074  

RGB色彩空间: CIE RGB
RGB空间的参考白: E - CIE1931
XYZ空间的参考白: D55 - CIE1931
适应算法: XYZScaling
Linear RGB -> XYZ: 
                    0.46759731  0.29725883  0.19194092  
                    0.17620195  0.81298685  0.0108112  
                    0.0  0.00940329  0.91207729  
XYZ -> Linear RGB: 
                    2.47775408  -0.90005324  -0.51075906  
                    -0.53708736  1.4252998  0.09613203  
                    0.00553724  -0.01469449  1.09540721  

RGB色彩空间: CIE RGB
RGB空间的参考白: E - CIE1931
XYZ空间的参考白: D55 - CIE1931
适应算法: VonKries
Linear RGB -> XYZ: 
                    0.48169101  0.29044258  0.18466348  
                    0.17534947  0.81381957  0.01083093  
                    0.0  0.00940329  0.91207727  
XYZ -> Linear RGB: 
                    2.38371898  -0.84526066  -0.47258155  
                    -0.51367801  1.41109113  0.08724496  
                    0.0052959  -0.01454801  1.09549886  

RGB色彩空间: CIE RGB
RGB空间的参考白: E - CIE1931
XYZ空间的参考白: D55 - CIE1964
适应算法: Bradford
Linear RGB -> XYZ: 
                    0.47789201  0.29519468  0.18487987  
                    0.17041339  0.82520914  0.00437751  
                    -6.1746E-4  0.01466002  0.89520991  
XYZ -> Linear RGB: 
                    2.39418888  -0.8477414  -0.49030548  
                    -0.49447408  1.38700413  0.09533706  
                    0.00974891  -0.02329839  1.11515701  

RGB色彩空间: CIE RGB
RGB空间的参考白: E - CIE1931
XYZ空间的参考白: D55 - CIE1964
适应算法: XYZScaling
Linear RGB -> XYZ: 
                    0.46816886  0.29762217  0.19217553  
                    0.17620195  0.81298685  0.0108112  
                    0.0  0.00927851  0.899974  
XYZ -> Linear RGB: 
                    2.47472916  -0.90005324  -0.517628  
                    -0.53643166  1.4252998  0.09742486  
                    0.00553048  -0.01469449  1.11013878  

RGB色彩空间: CIE RGB
RGB空间的参考白: E - CIE1931
XYZ空间的参考白: D55 - CIE1964
适应算法: VonKries
Linear RGB -> XYZ: 
                    0.48262514  0.29308907  0.18225238  
                    0.17546289  0.81370865  0.01082843  
                    0.0  0.00927851  0.89997398  
XYZ -> Linear RGB: 
                    2.38196267  -0.85257388  -0.47210956  
                    -0.51370156  1.41297849  0.08702806  
                    0.00529614  -0.01456746  1.11024599  

RGB色彩空间: CIE RGB
RGB空间的参考白: E - CIE1931
XYZ空间的参考白: D55 - CIE1931
适应算法: Bradford
Linear RGB -> XYZ: 
                    0.47647467  0.29343235  0.18689003  
                    0.16974077  0.82534261  0.00491664  
                    -5.241E-4  0.01433224  0.90767239  
XYZ -> Linear RGB: 
                    2.39902916  -0.84442355  -0.48938683  
                    -0.49344136  1.38541624  0.09409526  
                    0.00917671  -0.02236344  1.09995074  

RGB色彩空间: CIE RGB
RGB空间的参考白: E - CIE1931
XYZ空间的参考白: D55 - CIE1931
适应算法: XYZScaling
Linear RGB -> XYZ: 
                    0.46759731  0.29725883  0.19194092  
                    0.17620195  0.81298685  0.0108112  
                    0.0  0.00940329  0.91207729  
XYZ -> Linear RGB: 
                    2.47775408  -0.90005324  -0.51075906  
                    -0.53708736  1.4252998  0.09613203  
                    0.00553724  -0.01469449  1.09540721  

RGB色彩空间: CIE RGB
RGB空间的参考白: E - CIE1931
XYZ空间的参考白: D55 - CIE1931
适应算法: VonKries
Linear RGB -> XYZ: 
                    0.48169101  0.29044258  0.18466348  
                    0.17534947  0.81381957  0.01083093  
                    0.0  0.00940329  0.91207727  
XYZ -> Linear RGB: 
                    2.38371898  -0.84526066  -0.47258155  
                    -0.51367801  1.41109113  0.08724496  
                    0.0052959  -0.01454801  1.09549886  

RGB色彩空间: CIE RGB
RGB空间的参考白: E - CIE1931
XYZ空间的参考白: D55 - CIE1964
适应算法: Bradford
Linear RGB -> XYZ: 
                    0.47789201  0.29519468  0.18487987  
                    0.17041339  0.82520914  0.00437751  
                    -6.1746E-4  0.01466002  0.89520991  
XYZ -> Linear RGB: 
                    2.39418888  -0.8477414  -0.49030548  
                    -0.49447408  1.38700413  0.09533706  
                    0.00974891  -0.02329839  1.11515701  

RGB色彩空间: CIE RGB
RGB空间的参考白: E - CIE1931
XYZ空间的参考白: D55 - CIE1964
适应算法: XYZScaling
Linear RGB -> XYZ: 
                    0.46816886  0.29762217  0.19217553  
                    0.17620195  0.81298685  0.0108112  
                    0.0  0.00927851  0.899974  
XYZ -> Linear RGB: 
                    2.47472916  -0.90005324  -0.517628  
                    -0.53643166  1.4252998  0.09742486  
                    0.00553048  -0.01469449  1.11013878  

RGB色彩空间: CIE RGB
RGB空间的参考白: E - CIE1931
XYZ空间的参考白: D55 - CIE1964
适应算法: VonKries
Linear RGB -> XYZ: 
                    0.48262514  0.29308907  0.18225238  
                    0.17546289  0.81370865  0.01082843  
                    0.0  0.00927851  0.89997398  
XYZ -> Linear RGB: 
                    2.38196267  -0.85257388  -0.47210956  
                    -0.51370156  1.41297849  0.08702806  
                    0.00529614  -0.01456746  1.11024599  

RGB色彩空间: CIE RGB
RGB空间的参考白: E - CIE1931
XYZ空间的参考白: D65 - CIE1931
适应算法: Bradford
Linear RGB -> XYZ: 
                    0.46112729  0.27473605  0.2145652  
                    0.1625819  0.82465757  0.01276056  
                    7.3983E-4  0.00946005  1.07870044  
XYZ -> Linear RGB: 
                    2.45590256  -0.81269444  -0.4788918  
                    -0.48422279  1.37302559  0.08007486  
                    0.00256218  -0.01148386  0.92666763  

RGB色彩空间: CIE RGB
RGB空间的参考白: E - CIE1931
XYZ空间的参考白: D65 - CIE1931
适应算法: XYZScaling
Linear RGB -> XYZ: 
                    0.46448495  0.29528025  0.19066335  
                    0.17620195  0.81298685  0.0108112  
                    0.0  0.01111174  1.07778863  
XYZ -> Linear RGB: 
                    2.49435669  -0.90005324  -0.43222922  
                    -0.5406862  1.4252998  0.08135161  
                    0.00557434  -0.01469449  0.92698699  

RGB色彩空间: CIE RGB
RGB空间的参考白: E - CIE1931
XYZ空间的参考白: D65 - CIE1931
适应算法: VonKries
Linear RGB -> XYZ: 
                    0.47137734  0.26128953  0.21776169  
                    0.17409724  0.81504439  0.01085834  
                    0.0  0.01111174  1.07778861  
XYZ -> Linear RGB: 
                    2.40363438  -0.76404883  -0.47794454  
                    -0.51349792  1.39032235  0.08974263  
                    0.00529404  -0.01433388  0.9269005  

RGB色彩空间: CIE RGB
RGB空间的参考白: E - CIE1931
XYZ空间的参考白: D65 - CIE1964
适应算法: Bradford
Linear RGB -> XYZ: 
                    0.46134524  0.27485273  0.21189871  
                    0.16263569  0.82548703  0.01187731  
                    6.2456E-4  0.01003829  1.06238847  
XYZ -> Linear RGB: 
                    2.45423325  -0.81131491  -0.48043878  
                    -0.48357277  1.37142919  0.08111868  
                    0.00312639  -0.01248139  0.94079124  

RGB色彩空间: CIE RGB
RGB空间的参考白: E - CIE1931
XYZ空间的参考白: D65 - CIE1964
适应算法: XYZScaling
Linear RGB -> XYZ: 
                    0.46334534  0.29455578  0.19019556  
                    0.17620195  0.81298685  0.0108112  
                    0.0  0.01095001  1.06210135  
XYZ -> Linear RGB: 
                    2.50049163  -0.90005324  -0.43861327  
                    -0.54201603  1.4252998  0.08255318  
                    0.00558805  -0.01469449  0.94067863  

RGB色彩空间: CIE RGB
RGB空间的参考白: E - CIE1931
XYZ空间的参考白: D65 - CIE1964
适应算法: VonKries
Linear RGB -> XYZ: 
                    0.47160024  0.26189445  0.21460201  
                    0.17412429  0.81501786  0.01085781  
                    0.0  0.01095001  1.06210133  
XYZ -> Linear RGB: 
                    2.40319378  -0.76581363  -0.47774647  
                    -0.51350029  1.39077006  0.0895371  
                    0.00529406  -0.0143385  0.94060664  

RGB色彩空间: CIE RGB
RGB空间的参考白: E - CIE1931
XYZ空间的参考白: D65 - CIE1931
适应算法: Bradford
Linear RGB -> XYZ: 
                    0.46112729  0.27473605  0.2145652  
                    0.1625819  0.82465757  0.01276056  
                    7.3983E-4  0.00946005  1.07870044  
XYZ -> Linear RGB: 
                    2.45590256  -0.81269444  -0.4788918  
                    -0.48422279  1.37302559  0.08007486  
                    0.00256218  -0.01148386  0.92666763  

RGB色彩空间: CIE RGB
RGB空间的参考白: E - CIE1931
XYZ空间的参考白: D65 - CIE1931
适应算法: XYZScaling
Linear RGB -> XYZ: 
                    0.46448495  0.29528025  0.19066335  
                    0.17620195  0.81298685  0.0108112  
                    0.0  0.01111174  1.07778863  
XYZ -> Linear RGB: 
                    2.49435669  -0.90005324  -0.43222922  
                    -0.5406862  1.4252998  0.08135161  
                    0.00557434  -0.01469449  0.92698699  

RGB色彩空间: CIE RGB
RGB空间的参考白: E - CIE1931
XYZ空间的参考白: D65 - CIE1931
适应算法: VonKries
Linear RGB -> XYZ: 
                    0.47137734  0.26128953  0.21776169  
                    0.17409724  0.81504439  0.01085834  
                    0.0  0.01111174  1.07778861  
XYZ -> Linear RGB: 
                    2.40363438  -0.76404883  -0.47794454  
                    -0.51349792  1.39032235  0.08974263  
                    0.00529404  -0.01433388  0.9269005  

RGB色彩空间: CIE RGB
RGB空间的参考白: E - CIE1931
XYZ空间的参考白: D65 - CIE1964
适应算法: Bradford
Linear RGB -> XYZ: 
                    0.46134524  0.27485273  0.21189871  
                    0.16263569  0.82548703  0.01187731  
                    6.2456E-4  0.01003829  1.06238847  
XYZ -> Linear RGB: 
                    2.45423325  -0.81131491  -0.48043878  
                    -0.48357277  1.37142919  0.08111868  
                    0.00312639  -0.01248139  0.94079124  

RGB色彩空间: CIE RGB
RGB空间的参考白: E - CIE1931
XYZ空间的参考白: D65 - CIE1964
适应算法: XYZScaling
Linear RGB -> XYZ: 
                    0.46334534  0.29455578  0.19019556  
                    0.17620195  0.81298685  0.0108112  
                    0.0  0.01095001  1.06210135  
XYZ -> Linear RGB: 
                    2.50049163  -0.90005324  -0.43861327  
                    -0.54201603  1.4252998  0.08255318  
                    0.00558805  -0.01469449  0.94067863  

RGB色彩空间: CIE RGB
RGB空间的参考白: E - CIE1931
XYZ空间的参考白: D65 - CIE1964
适应算法: VonKries
Linear RGB -> XYZ: 
                    0.47160024  0.26189445  0.21460201  
                    0.17412429  0.81501786  0.01085781  
                    0.0  0.01095001  1.06210133  
XYZ -> Linear RGB: 
                    2.40319378  -0.76581363  -0.47774647  
                    -0.51350029  1.39077006  0.0895371  
                    0.00529406  -0.0143385  0.94060664  

RGB色彩空间: CIE RGB
RGB空间的参考白: E - CIE1931
XYZ空间的参考白: D75 - CIE1931
适应算法: Bradford
Linear RGB -> XYZ: 
                    0.45042685  0.26193007  0.23736519  
                    0.1576644  0.82291641  0.01941921  
                    0.00177107  0.00527843  1.21934397  
XYZ -> Linear RGB: 
                    2.49938131  -0.79250034  -0.47392401  
                    -0.4788253  1.36713965  0.07143815  
                    -0.00155751  -0.00476714  0.82049225  

RGB色彩空间: CIE RGB
RGB空间的参考白: E - CIE1931
XYZ空间的参考白: D75 - CIE1931
适应算法: XYZScaling
Linear RGB -> XYZ: 
                    0.46413969  0.29506077  0.19052163  
                    0.17620195  0.81298685  0.0108112  
                    0.0  0.01251479  1.21387873  
XYZ -> Linear RGB: 
                    2.49621213  -0.90005324  -0.38377124  
                    -0.54108839  1.4252998  0.07223114  
                    0.00557849  -0.01469449  0.82306084  

RGB色彩空间: CIE RGB
RGB空间的参考白: E - CIE1931
XYZ空间的参考白: D75 - CIE1931
适应算法: VonKries
Linear RGB -> XYZ: 
                    0.46406867  0.24066924  0.2449842  
                    0.17320987  0.81591245  0.01087765  
                    0.0  0.01251479  1.2138787  
XYZ -> Linear RGB: 
                    2.41834294  -0.70594812  -0.48174233  
                    -0.51346006  1.37567636  0.09129864  
                    0.00529365  -0.01418289  0.82286427  

RGB色彩空间: CIE RGB
RGB空间的参考白: E - CIE1931
XYZ空间的参考白: D75 - CIE1964
适应算法: Bradford
Linear RGB -> XYZ: 
                    0.44960184  0.26060505  0.23396451  
                    0.15717664  0.82464213  0.01818125  
                    0.00162975  0.00611105  1.19868636  
XYZ -> Linear RGB: 
                    2.50098773  -0.7868381  -0.47621853  
                    -0.47666641  1.36274802  0.07236802  
                    -9.7028E-4  -0.00587766  0.83452511  

RGB色彩空间: CIE RGB
RGB空间的参考白: E - CIE1931
XYZ空间的参考白: D75 - CIE1964
适应算法: XYZScaling
Linear RGB -> XYZ: 
                    0.46142701  0.29333627  0.18940811  
                    0.17620195  0.81298685  0.0108112  
                    0.0  0.01231105  1.19411617  
XYZ -> Linear RGB: 
                    2.51088713  -0.90005324  -0.39012263  
                    -0.5442694  1.4252998  0.07342656  
                    0.00561128  -0.01469449  0.83668245  

RGB色彩空间: CIE RGB
RGB空间的参考白: E - CIE1931
XYZ空间的参考白: D75 - CIE1964
适应算法: VonKries
Linear RGB -> XYZ: 
                    0.46367859  0.23951262  0.2409802  
                    0.17316249  0.81595864  0.01087884  
                    0.0  0.01231105  1.19411615  
XYZ -> Linear RGB: 
                    2.41914241  -0.70283432  -0.48179518  
                    -0.51346025  1.37489659  0.09109372  
                    0.00529365  -0.01417485  0.83650032  

RGB色彩空间: CIE RGB
RGB空间的参考白: E - CIE1931
XYZ空间的参考白: D75 - CIE1931
适应算法: Bradford
Linear RGB -> XYZ: 
                    0.45042685  0.26193007  0.23736519  
                    0.1576644  0.82291641  0.01941921  
                    0.00177107  0.00527843  1.21934397  
XYZ -> Linear RGB: 
                    2.49938131  -0.79250034  -0.47392401  
                    -0.4788253  1.36713965  0.07143815  
                    -0.00155751  -0.00476714  0.82049225  

RGB色彩空间: CIE RGB
RGB空间的参考白: E - CIE1931
XYZ空间的参考白: D75 - CIE1931
适应算法: XYZScaling
Linear RGB -> XYZ: 
                    0.46413969  0.29506077  0.19052163  
                    0.17620195  0.81298685  0.0108112  
                    0.0  0.01251479  1.21387873  
XYZ -> Linear RGB: 
                    2.49621213  -0.90005324  -0.38377124  
                    -0.54108839  1.4252998  0.07223114  
                    0.00557849  -0.01469449  0.82306084  

RGB色彩空间: CIE RGB
RGB空间的参考白: E - CIE1931
XYZ空间的参考白: D75 - CIE1931
适应算法: VonKries
Linear RGB -> XYZ: 
                    0.46406867  0.24066924  0.2449842  
                    0.17320987  0.81591245  0.01087765  
                    0.0  0.01251479  1.2138787  
XYZ -> Linear RGB: 
                    2.41834294  -0.70594812  -0.48174233  
                    -0.51346006  1.37567636  0.09129864  
                    0.00529365  -0.01418289  0.82286427  

RGB色彩空间: CIE RGB
RGB空间的参考白: E - CIE1931
XYZ空间的参考白: D75 - CIE1964
适应算法: Bradford
Linear RGB -> XYZ: 
                    0.44960184  0.26060505  0.23396451  
                    0.15717664  0.82464213  0.01818125  
                    0.00162975  0.00611105  1.19868636  
XYZ -> Linear RGB: 
                    2.50098773  -0.7868381  -0.47621853  
                    -0.47666641  1.36274802  0.07236802  
                    -9.7028E-4  -0.00587766  0.83452511  

RGB色彩空间: CIE RGB
RGB空间的参考白: E - CIE1931
XYZ空间的参考白: D75 - CIE1964
适应算法: XYZScaling
Linear RGB -> XYZ: 
                    0.46142701  0.29333627  0.18940811  
                    0.17620195  0.81298685  0.0108112  
                    0.0  0.01231105  1.19411617  
XYZ -> Linear RGB: 
                    2.51088713  -0.90005324  -0.39012263  
                    -0.5442694  1.4252998  0.07342656  
                    0.00561128  -0.01469449  0.83668245  

RGB色彩空间: CIE RGB
RGB空间的参考白: E - CIE1931
XYZ空间的参考白: D75 - CIE1964
适应算法: VonKries
Linear RGB -> XYZ: 
                    0.46367859  0.23951262  0.2409802  
                    0.17316249  0.81595864  0.01087884  
                    0.0  0.01231105  1.19411615  
XYZ -> Linear RGB: 
                    2.41914241  -0.70283432  -0.48179518  
                    -0.51346025  1.37489659  0.09109372  
                    0.00529365  -0.01417485  0.83650032  

RGB色彩空间: CIE RGB
RGB空间的参考白: E - CIE1931
XYZ空间的参考白: E - CIE1931
适应算法: Bradford
Linear RGB -> XYZ: 
                    0.48871107  0.31068117  0.20060777  
                    0.17620195  0.81298685  0.0108112  
                    0.0  0.01020486  0.98982514  
XYZ -> Linear RGB: 
                    2.3707078  -0.90005324  -0.47064044  
                    -0.5138836  1.4252998  0.08858114  
                    0.00529801  -0.01469449  1.0093662  

RGB色彩空间: CIE RGB
RGB空间的参考白: E - CIE1931
XYZ空间的参考白: E - CIE1931
适应算法: XYZScaling
Linear RGB -> XYZ: 
                    0.48871107  0.31068117  0.20060777  
                    0.17620195  0.81298685  0.0108112  
                    0.0  0.01020486  0.98982514  
XYZ -> Linear RGB: 
                    2.3707078  -0.90005324  -0.47064044  
                    -0.5138836  1.4252998  0.08858114  
                    0.00529801  -0.01469449  1.0093662  

RGB色彩空间: CIE RGB
RGB空间的参考白: E - CIE1931
XYZ空间的参考白: E - CIE1931
适应算法: VonKries
Linear RGB -> XYZ: 
                    0.48871107  0.31068117  0.20060777  
                    0.17620195  0.81298685  0.0108112  
                    0.0  0.01020486  0.98982514  
XYZ -> Linear RGB: 
                    2.3707078  -0.90005324  -0.47064044  
                    -0.5138836  1.4252998  0.08858114  
